                              
                              
                              
                              
            11111             
          11111111            
         111    111           
         111    1111          
         111     111          
         111    1111          
          1     1111          
                111           
               111            
              1111            
             1111             
             111              
            111               
           111                
          111     1           
         111     11           
        11111111111           
        11111111111           
                              
                              
                              