                              
                              
                              
                              
                1             
               11             
              111             
              111             
             1111             
            11111             
           111 11             
           11  11             
          111  11             
         111   11             
         11    11             
        111    11             
       111     11             
       1111111111111          
               11             
               11             
              1111            
            11111111          
                              
                              
                              