                              
                              
                              
                              
                              
         11111111111          
         11111111111          
        111      111          
        11      111           
        1      111            
              111             
              11              
             111              
             11               
             11               
            111               
            111               
            111               
            111               
            111               
            111               
            111               
             1                
                              
                              