                              
                              
                              
                              
              1               
            111               
          11111               
           1111               
             11               
             11               
             11               
             11               
             11               
             11               
             11               
             11               
             11               
             11               
             11               
             11               
            1111              
         1111111111           
                              
                              
                              