                              
                              
                              
                              
            1111              
          11111111            
         1111  1111           
         1111   111           
         111    111           
          1     111           
                111           
              1111            
           111111             
           11111111           
                1111          
                 111          
                 111          
         111      111         
         111     111          
         111     111          
         1111  1111           
          11111111            
                              
                              
                              