                              
                              
                              
                              
              1               
           11111111           
          111111111           
          111   111           
         1111   111           
         111                  
         111                  
         11111111             
         111111111            
         1111   111           
         111     111          
         111     111          
         111     111          
         111     111          
         111     111          
         111    111           
          111  1111           
           1111111            
                              
                              
                              