                              
                              
                              
                              
            11111             
           1111111            
          111   111           
         111     11           
         111     11           
         111     11           
         1111   111           
          11111111            
           111111             
           1111111            
          111 11111           
         111   11111          
         11     1111          
         11      111          
         11      111          
         111     111          
          1111 1111           
           1111111            
                              
                              
                              